230	230	230	229	229	230	233	234	228	213	201	205	218	229	232	230	230	230	230	230	230	230	230	231	232	226	216	204	196	193	193	204	218	229	233	235	229	209	177	151	162	183	201	214	225	232	231	230	230	230	230	230	230	230	230	230	230	230	229	230	231	232	234	234	233	233	234	234	233	233	232	230	227	222	212	200	195	207	224	233	233	230	229	232	234	228	217	202	181	153	121	133	163	187	205	220	230	232	230	230	229	229	230	231	233	234	236	236	228	214	202	205	218	224	215	197	189	203	221	231	232	230	230	230	230	230	230	230	230	230	230	228	226	225	225	226	227	227	227	227	227	227	228	230	231	226	215	203	196	192
229	230	230	230	230	229	229	228	218	200	184	192	213	228	233	231	230	230	230	230	230	230	230	232	233	225	209	190	181	185	193	205	218	229	233	234	229	212	186	166	171	186	200	214	225	232	231	230	230	230	230	230	230	230	230	230	230	230	230	229	226	223	221	221	221	222	222	222	222	223	224	228	234	234	221	199	185	197	215	226	227	224	224	226	227	222	213	201	184	164	147	157	179	197	212	222	230	232	230	230	230	230	229	226	223	221	222	222	212	194	181	193	216	229	223	207	199	209	223	231	232	230	230	230	230	230	230	230	230	229	230	230	232	232	230	226	224	225	226	227	227	227	228	231	232	224	207	188	181	185
230	230	230	231	231	228	222	214	200	180	164	180	209	228	234	231	230	230	230	230	230	229	230	234	236	227	205	178	173	192	208	218	225	229	232	233	230	221	208	200	202	208	214	221	227	231	231	230	231	232	234	234	233	232	231	230	230	231	232	228	217	202	190	190	192	194	194	195	198	202	207	217	230	233	217	183	154	171	198	210	206	198	196	203	210	213	213	212	209	203	200	201	207	213	220	225	230	231	230	230	231	232	227	215	200	188	186	184	174	156	148	171	199	217	221	218	218	222	227	230	231	230	230	230	230	230	230	230	230	230	230	231	234	232	219	201	188	193	205	212	213	213	218	227	233	225	199	169	169	194
230	230	230	231	232	226	215	201	184	163	150	174	207	228	234	231	230	230	230	230	230	229	230	234	236	226	199	166	168	200	223	231	231	230	230	230	230	228	226	225	225	226	227	228	229	230	230	230	231	232	233	233	233	232	231	230	230	231	234	227	208	179	153	151	159	160	159	161	170	179	191	207	224	231	212	168	114	145	183	194	184	165	162	174	190	204	215	224	229	229	227	227	227	227	228	229	230	230	230	230	232	234	225	204	175	146	131	121	101	85	105	148	177	198	213	223	231	232	230	230	230	230	230	230	230	230	230	230	230	230	230	231	235	230	209	169	129	150	182	196	197	195	203	220	232	225	194	157	167	204
230	230	230	231	232	227	216	203	190	177	171	187	211	229	234	231	230	230	230	230	230	231	229	228	224	211	184	152	165	204	229	237	234	231	231	230	231	232	233	234	234	233	232	231	230	230	231	231	228	223	218	218	220	223	226	228	230	232	234	228	210	184	163	163	168	166	157	152	163	179	194	210	225	230	215	184	155	167	190	198	189	174	168	172	181	197	216	230	233	228	223	225	229	233	233	232	230	230	230	230	232	234	225	206	181	157	146	140	137	143	151	160	166	177	195	211	223	228	229	230	231	230	230	230	230	230	230	230	230	230	231	232	235	230	210	176	145	162	188	198	192	181	186	206	222	219	197	174	185	214
230	230	230	231	231	228	223	217	212	207	205	210	221	230	232	231	230	230	230	230	232	233	227	215	199	179	155	137	165	205	232	240	238	235	235	234	234	234	233	232	232	232	231	231	230	230	234	235	225	206	186	184	194	206	216	224	230	233	232	229	220	209	202	203	205	199	185	171	179	198	215	224	229	230	225	213	205	207	213	214	212	207	201	192	185	194	215	230	227	206	187	197	220	236	239	235	232	231	230	230	231	232	228	218	208	200	197	196	197	201	201	189	165	145	156	177	196	211	223	232	232	230	230	230	230	230	230	230	231	233	234	234	234	230	220	206	197	203	214	213	195	170	164	183	202	209	206	204	212	223
230	230	230	230	230	230	230	229	228	228	228	228	229	230	230	230	230	230	230	230	232	234	226	204	174	146	134	140	172	205	228	237	235	233	233	233	232	232	231	230	230	230	230	230	230	231	235	235	220	187	142	136	168	191	208	221	230	233	231	230	229	228	227	229	230	223	207	191	195	213	228	233	232	230	230	230	230	229	229	228	230	230	224	210	194	195	216	230	220	182	133	160	206	232	238	234	232	231	230	230	230	230	230	229	228	227	227	227	228	232	229	210	173	119	92	133	163	194	218	232	234	231	230	230	230	230	230	230	231	232	232	232	231	230	229	228	227	230	232	225	202	169	150	166	186	202	215	225	230	230
230	230	230	230	230	230	232	233	234	234	235	234	232	230	230	230	230	230	230	230	232	234	226	208	184	168	170	178	190	204	215	219	215	212	212	213	216	221	227	231	231	230	230	231	231	230	230	226	209	172	117	126	171	198	213	223	230	232	231	231	233	235	236	237	236	231	219	207	207	215	224	228	231	232	228	221	218	223	230	235	237	238	233	220	206	205	221	232	220	183	134	147	188	212	220	221	223	227	229	231	231	230	231	232	234	235	236	236	236	239	238	222	195	162	143	141	158	190	217	232	234	231	230	230	230	230	231	231	228	221	217	219	225	230	233	234	236	237	237	230	212	188	176	182	195	208	222	232	236	233
230	230	230	230	230	231	232	234	234	233	232	232	231	230	230	230	230	230	230	230	231	232	228	220	211	207	210	214	210	203	193	183	173	166	166	171	184	203	220	232	233	231	230	232	232	227	220	210	193	166	142	161	194	216	225	228	230	232	232	233	235	237	237	236	234	230	226	221	216	211	208	216	229	235	220	189	170	193	222	238	240	238	235	228	220	219	227	232	222	198	171	159	164	175	187	200	211	221	229	234	233	231	230	231	232	232	233	233	233	234	234	227	217	205	191	176	175	196	219	232	233	231	230	230	230	230	232	232	223	204	190	198	216	230	234	233	233	233	233	230	222	213	209	212	218	223	228	232	233	232
230	230	230	230	230	230	230	231	231	230	230	230	230	230	230	230	230	230	230	230	230	230	230	230	230	230	233	233	221	197	166	136	115	94	108	128	157	190	216	232	234	231	230	232	232	226	214	199	182	163	153	176	208	228	234	232	230	230	230	231	231	231	231	231	230	230	232	232	224	207	194	202	223	232	211	160	94	166	212	234	236	232	231	230	230	230	232	232	224	212	196	173	141	104	139	172	196	212	224	232	233	231	230	230	230	230	230	230	230	230	230	231	232	230	218	200	192	204	222	232	232	231	230	230	230	231	234	233	218	188	159	176	209	230	234	232	230	230	230	230	230	230	230	230	230	230	230	230	230	230
230	230	230	231	231	229	225	221	222	227	231	232	231	230	230	230	230	230	230	230	230	230	231	233	235	234	233	229	212	182	138	113	140	158	166	168	181	202	222	234	235	232	231	233	234	229	220	209	192	166	146	172	209	232	237	234	230	227	223	218	213	208	209	218	227	232	235	235	226	208	190	190	205	212	200	174	158	176	200	213	214	212	216	224	231	234	234	232	227	222	213	189	144	81	81	140	172	194	211	224	228	229	231	231	230	230	230	230	230	230	230	232	236	236	228	215	208	214	225	231	233	232	232	232	230	231	234	234	217	181	141	165	206	230	235	232	230	230	230	231	233	235	234	229	224	224	228	232	233	232
230	230	230	232	232	228	217	206	209	222	233	236	233	231	230	230	230	230	230	230	230	230	231	232	234	229	222	211	190	154	94	135	183	209	216	214	216	223	231	236	236	234	233	234	235	234	232	228	210	173	126	157	203	230	237	235	230	222	212	199	181	163	168	198	223	234	236	234	225	209	191	180	176	177	187	202	208	200	186	177	175	179	192	210	226	234	234	231	230	230	225	203	161	81	81	80	136	170	193	211	221	227	232	232	231	230	230	230	230	230	230	231	232	232	229	224	221	224	228	231	234	235	235	234	231	231	234	234	217	181	141	165	206	230	235	232	230	230	230	231	232	233	229	218	208	210	223	234	237	236
231	231	231	232	233	226	211	195	196	213	227	232	231	231	231	231	231	231	231	231	231	231	231	232	233	227	215	200	180	149	121	161	204	229	236	233	231	230	230	229	229	230	230	230	229	230	234	234	218	180	127	154	202	229	237	235	230	220	207	189	162	124	137	187	221	235	236	233	225	213	198	180	160	155	185	219	232	216	184	150	136	139	164	198	223	234	233	231	231	235	233	215	181	131	81	92	127	154	176	196	212	225	233	233	231	231	231	231	231	231	231	231	231	231	231	231	231	231	231	230	230	229	229	230	230	231	234	233	219	189	159	176	209	230	235	232	231	231	231	231	232	233	227	211	195	196	212	227	232	231
231	231	231	232	233	226	211	195	190	196	205	214	223	230	232	231	231	231	231	231	231	231	231	232	232	228	220	210	198	185	178	189	210	224	228	226	223	217	208	204	209	216	219	215	211	212	219	223	213	184	156	174	210	232	238	236	231	224	215	202	187	172	176	202	224	234	235	232	227	220	210	199	187	183	202	226	236	226	205	182	157	129	146	190	222	235	234	231	232	235	235	223	203	181	174	177	179	176	172	182	204	223	233	233	231	231	231	231	231	231	231	231	230	231	231	233	233	233	233	229	218	205	203	215	227	233	234	233	223	205	191	199	217	230	233	231	231	231	231	231	232	233	227	211	193	185	191	199	206	212
231	231	231	232	233	227	215	201	187	175	170	187	212	229	234	232	231	231	231	231	231	231	231	231	231	229	227	223	220	218	215	213	211	208	208	208	204	191	170	161	178	197	204	196	184	184	194	203	202	188	180	195	219	235	239	236	233	230	226	221	217	213	214	221	228	232	232	231	229	227	223	220	217	216	221	228	232	231	229	217	190	145	138	187	221	235	234	231	231	232	232	227	221	215	216	221	218	202	176	170	196	221	233	233	231	231	231	231	231	231	231	231	231	231	231	231	231	233	235	227	201	161	153	192	223	235	235	231	228	222	218	220	226	230	232	231	231	231	231	231	232	233	227	213	197	178	160	146	158	182
231	231	231	232	233	227	214	198	182	163	155	177	208	229	235	232	231	231	231	231	231	231	231	231	231	231	231	232	233	235	235	225	207	190	186	192	191	172	139	118	155	184	191	176	153	152	171	187	194	192	193	204	216	226	230	229	229	230	231	232	233	233	233	232	231	230	230	230	231	231	232	232	233	233	232	231	231	233	235	226	196	144	129	184	221	235	234	231	231	230	231	231	232	233	234	235	229	206	170	153	187	219	234	234	231	231	231	231	231	231	231	231	231	231	231	231	231	233	236	227	195	138	122	184	222	235	234	231	231	232	233	232	231	231	230	231	231	231	231	231	232	233	227	217	204	184	155	113	125	162
231	230	231	233	235	227	208	185	173	176	185	201	219	233	237	234	233	233	233	233	232	231	231	231	231	233	234	235	236	239	237	222	194	163	162	183	191	181	160	151	168	186	187	166	128	124	158	182	192	195	197	198	197	198	204	209	215	222	229	234	235	235	235	233	231	230	230	230	231	232	233	233	234	235	234	233	230	225	220	206	175	118	118	183	221	235	234	231	231	230	230	232	235	235	230	223	209	185	146	138	185	220	236	235	231	230	231	231	231	231	231	231	231	231	231	231	231	232	234	228	209	182	178	203	225	234	233	231	231	233	234	234	232	231	230	230	231	230	230	231	233	235	232	226	218	207	194	180	175	177
231	230	231	235	237	227	200	168	166	193	216	227	231	235	237	235	235	235	235	235	233	231	231	231	233	233	235	235	235	237	235	215	178	127	138	177	195	194	186	183	188	195	188	163	116	107	155	183	194	197	197	188	168	153	163	182	199	213	224	232	233	232	231	231	231	231	231	231	231	231	231	231	231	231	232	234	230	215	194	168	132	80	119	184	221	235	235	231	231	231	231	232	235	232	218	197	172	142	91	125	184	221	237	236	231	230	230	231	231	231	231	231	231	231	231	231	231	231	232	230	224	219	218	223	229	231	231	231	231	231	231	231	231	231	231	231	231	230	230	231	233	235	235	233	230	227	226	222	213	198
231	231	230	232	231	220	194	161	169	205	230	236	230	224	223	224	225	225	225	225	227	230	231	229	228	227	226	225	227	233	233	217	183	142	144	174	190	195	195	195	197	197	190	171	148	149	174	194	199	198	192	177	147	116	141	173	196	212	223	232	233	231	231	231	231	231	231	231	231	231	231	231	231	231	232	235	230	210	180	146	127	128	158	196	223	235	234	231	231	231	231	232	235	231	214	185	150	109	81	121	180	215	231	233	231	231	231	231	231	231	231	231	231	231	231	231	231	231	230	231	233	234	234	233	231	230	230	231	231	231	231	231	231	231	231	231	231	231	231	230	228	225	224	225	226	228	232	233	225	210
233	233	229	224	218	206	187	169	181	212	232	230	211	192	188	194	199	198	197	203	214	227	231	225	216	209	203	200	206	221	230	225	209	191	179	174	172	179	188	194	195	195	195	193	192	196	206	213	208	194	176	161	150	150	171	194	211	221	227	231	232	231	231	231	231	231	231	231	231	231	231	231	231	231	232	235	230	212	184	163	168	182	198	213	226	233	233	231	231	231	231	231	234	231	216	192	163	136	109	127	169	199	217	225	229	232	231	231	231	231	231	231	230	231	231	232	232	232	231	231	233	235	235	233	231	230	230	231	231	232	232	232	231	231	230	231	231	232	233	228	216	200	191	195	201	206	212	216	217	214
234	234	228	217	203	192	184	182	195	218	231	221	187	142	128	151	163	163	159	172	200	223	231	221	204	190	175	165	181	208	228	233	231	223	205	178	153	160	180	192	193	192	198	210	220	227	230	229	217	190	159	150	164	181	198	215	226	230	230	231	231	231	231	231	231	231	231	231	231	231	231	231	231	231	231	234	230	215	195	185	198	215	225	228	229	231	231	231	231	231	231	231	233	231	220	203	183	164	145	142	163	184	202	216	227	233	232	231	231	231	231	231	230	231	231	232	233	232	231	231	231	231	231	231	231	231	230	230	231	232	233	232	231	231	230	231	231	233	235	227	203	167	136	145	163	174	183	193	205	216
227	232	229	217	202	194	194	198	208	224	232	219	187	145	133	154	164	158	145	158	193	221	231	222	206	188	167	151	169	203	227	237	239	236	220	193	168	174	192	200	196	187	192	209	225	233	237	236	224	199	173	169	185	201	214	225	233	234	232	231	230	231	231	231	231	231	231	231	231	231	231	231	231	231	231	233	230	220	206	203	215	230	237	235	231	230	230	231	231	231	231	231	233	231	223	213	201	189	178	173	179	189	202	216	227	233	232	231	231	231	231	231	231	231	229	227	226	227	230	231	231	231	231	231	231	231	231	231	229	228	226	227	229	231	231	231	231	233	236	226	200	155	94	115	144	163	177	192	208	222
214	228	233	226	216	212	212	215	219	227	231	225	212	198	195	199	199	188	171	171	197	222	232	228	219	206	187	169	179	206	227	236	237	235	226	212	202	206	216	216	202	180	174	189	207	219	227	232	229	216	203	202	209	216	223	229	233	233	231	231	230	231	231	231	231	231	231	231	231	231	231	231	231	231	231	231	230	226	220	219	226	235	238	235	232	230	230	231	231	231	231	231	231	231	228	225	220	213	207	204	207	211	218	225	232	235	233	231	231	233	235	235	233	231	225	217	214	220	228	233	234	233	233	234	235	234	234	232	227	220	215	218	225	230	232	231	231	233	235	227	207	178	155	153	163	178	196	211	223	231
198	222	235	234	229	227	227	227	228	229	231	230	229	228	228	229	225	213	194	188	204	223	232	233	231	223	206	189	193	212	228	233	233	231	229	227	226	229	233	227	206	175	155	167	186	202	217	228	232	229	226	226	227	228	229	230	231	231	231	231	231	231	231	231	231	231	231	231	231	231	231	231	231	231	231	231	231	230	229	230	231	233	234	233	231	230	230	231	231	231	231	231	231	231	231	231	231	229	227	226	227	228	230	232	233	233	232	231	231	233	234	234	234	231	220	206	199	210	225	234	234	233	233	233	234	234	234	232	224	210	200	206	220	230	233	231	231	232	233	228	215	198	185	181	183	195	212	226	233	234
181	211	228	232	232	234	234	233	233	232	231	229	227	225	229	234	235	225	211	204	212	225	232	235	235	230	218	206	206	218	229	232	231	231	232	234	235	234	233	225	204	176	160	173	191	206	218	227	233	234	235	235	234	233	232	231	231	230	231	231	231	231	231	231	231	231	231	231	231	231	231	231	231	231	231	232	231	230	229	227	223	220	221	225	230	232	232	231	231	231	231	231	231	231	228	224	223	227	233	235	233	229	225	222	220	221	226	230	228	222	216	220	229	231	219	196	182	195	214	225	227	225	223	220	217	219	227	232	222	199	179	189	214	230	234	231	231	232	233	229	218	203	195	197	202	209	218	225	226	221
164	195	214	224	229	233	233	232	232	233	232	224	209	200	207	224	233	230	222	218	222	228	231	233	233	230	224	219	219	225	230	231	231	231	232	234	233	228	221	212	198	184	183	198	214	223	227	229	232	233	233	233	233	232	231	231	231	230	231	231	231	231	231	231	231	231	231	231	231	230	230	231	233	234	235	237	235	229	221	212	202	193	197	214	231	238	236	233	233	235	235	235	235	231	220	204	196	209	227	233	227	215	205	196	191	197	217	230	224	198	174	189	221	234	221	188	161	174	197	208	211	210	204	190	176	186	213	230	221	186	146	168	207	230	235	232	231	233	235	231	219	203	199	209	221	222	218	212	201	185
151	180	201	215	226	233	232	231	231	234	233	218	189	163	180	212	231	234	231	229	229	230	231	231	231	230	230	229	229	230	230	231	231	231	231	233	230	220	207	195	190	189	196	212	226	233	233	231	231	231	231	231	231	231	231	231	231	231	231	231	231	231	231	231	231	231	231	231	231	230	231	231	232	233	234	235	233	222	209	193	175	160	169	200	226	237	235	232	232	233	233	233	235	231	213	181	162	189	220	231	222	204	188	170	157	173	208	230	221	178	108	155	210	232	220	185	152	161	184	195	198	197	188	161	122	151	202	229	222	180	119	154	204	230	236	232	231	232	234	230	216	199	197	214	229	229	217	200	178	145
155	175	193	211	225	233	233	231	231	235	234	216	176	131	163	208	232	238	235	235	234	232	231	231	231	231	232	233	233	232	231	230	231	231	232	234	230	216	194	177	175	181	190	202	213	222	227	230	232	232	231	231	231	231	231	231	231	231	231	232	231	231	231	231	231	231	231	231	231	231	231	227	222	217	216	216	213	203	190	176	158	139	148	179	204	217	221	222	221	216	213	218	229	231	211	170	141	179	217	231	225	210	194	174	155	169	206	229	223	191	152	164	200	216	210	191	178	183	195	201	204	204	198	179	157	170	207	229	224	194	163	178	210	230	235	233	230	229	227	219	203	184	181	199	215	219	213	204	190	167
170	178	192	210	225	233	233	231	232	237	236	216	170	95	156	208	235	240	238	237	236	235	234	233	231	230	231	232	232	231	231	230	231	231	232	235	230	212	183	156	151	159	166	170	177	194	213	229	236	235	233	233	231	231	230	230	231	232	234	235	233	231	230	230	231	231	231	231	231	233	232	223	208	192	182	179	174	168	164	158	149	140	139	146	156	174	194	206	204	187	173	191	219	231	214	171	139	177	215	232	231	224	213	195	176	182	208	228	230	218	205	196	191	189	194	203	210	214	216	218	221	223	221	214	208	210	221	230	227	215	206	210	222	230	233	233	230	223	214	200	179	154	142	158	177	193	207	216	217	209
186	188	196	211	225	233	233	231	231	235	234	214	169	93	153	206	231	236	233	231	231	231	231	231	231	231	231	231	231	231	231	231	231	231	232	235	230	211	182	150	144	153	155	148	146	171	202	225	235	233	231	231	231	231	231	231	231	231	231	231	231	231	231	231	231	231	231	231	231	234	233	218	192	160	135	127	122	134	148	156	158	157	151	129	89	125	169	192	188	155	118	164	210	230	218	180	155	183	216	233	236	233	227	212	195	196	212	227	234	235	232	215	183	157	180	212	231	234	231	230	231	231	231	231	230	230	230	231	230	230	230	230	230	231	232	233	230	220	206	188	165	137	112	120	142	174	204	226	234	232
206	204	208	217	227	232	233	231	229	228	223	206	175	146	163	195	213	215	210	209	209	211	215	223	230	234	233	232	232	231	231	231	232	233	233	235	231	217	198	181	179	183	183	178	176	186	203	218	224	222	220	223	228	231	233	233	231	225	217	214	219	227	231	232	231	231	231	230	231	235	234	216	183	138	101	118	136	156	174	185	188	188	184	173	161	162	177	188	181	153	130	170	211	232	225	200	186	200	220	232	235	235	231	221	210	210	219	228	234	240	238	220	180	142	174	214	236	239	236	232	225	217	214	219	224	228	229	230	232	234	236	235	233	231	231	232	230	222	212	200	188	177	170	170	175	192	213	230	237	237
222	221	222	225	229	231	233	232	226	217	205	194	185	178	177	181	182	177	170	167	170	175	191	212	229	239	238	235	234	232	231	231	234	236	236	236	233	227	219	213	212	214	214	213	213	212	211	209	207	204	204	212	224	233	236	237	233	218	196	187	203	223	233	233	231	231	230	230	232	237	236	217	181	132	121	151	172	191	205	215	217	215	214	213	210	205	198	191	182	170	168	191	218	234	233	221	214	219	226	231	233	232	231	226	223	222	226	229	233	238	237	219	181	148	175	213	233	238	236	229	211	189	178	188	202	213	222	229	233	233	232	232	231	231	231	231	230	227	223	219	217	216	215	215	216	220	226	230	233	233
231	231	231	231	231	231	233	233	225	211	196	190	194	195	186	171	154	138	125	118	121	133	164	196	221	233	232	229	230	230	231	230	230	229	229	229	230	231	231	232	232	232	232	233	234	227	213	196	187	186	190	202	218	229	234	235	229	207	171	154	187	219	234	234	231	231	231	231	231	235	233	213	174	122	134	172	196	212	225	233	234	232	232	233	234	227	214	198	190	189	194	205	218	229	233	232	232	231	231	231	231	231	231	231	231	231	231	231	231	234	232	215	183	157	180	213	231	237	236	227	205	172	153	165	184	201	216	228	233	232	231	231	231	231	231	231	231	231	231	231	231	231	231	230	230	230	231	231	231	231
226	231	233	233	231	230	232	232	227	218	208	201	200	196	186	174	160	151	146	140	132	127	146	174	196	208	208	208	214	224	231	226	213	203	203	210	217	225	232	237	237	235	235	238	239	229	206	177	163	172	184	197	210	219	224	225	219	195	150	129	179	217	234	235	231	231	231	231	229	227	220	199	157	93	143	187	212	224	231	235	236	235	235	237	237	232	222	211	207	210	213	212	208	208	217	228	235	235	232	230	230	230	231	232	233	233	233	231	229	226	220	206	184	171	190	216	231	235	235	228	213	194	181	178	183	196	213	227	233	232	231	231	231	231	231	230	231	232	234	232	225	217	212	210	211	215	223	229	232	231
215	226	233	233	231	231	231	231	229	228	224	215	204	192	184	182	180	178	179	174	163	148	140	145	154	163	166	174	193	217	230	221	190	155	158	181	200	215	227	235	235	232	232	236	238	226	196	152	134	163	185	195	201	206	209	210	205	181	133	117	178	216	234	235	231	231	232	232	226	217	204	180	134	81	152	199	225	231	231	232	232	232	231	232	232	231	227	223	223	227	228	216	192	177	193	217	232	235	231	231	231	231	231	231	231	231	233	232	226	216	205	195	186	185	200	219	231	234	232	230	226	221	213	200	189	194	212	227	233	232	231	231	231	231	231	231	231	233	235	228	211	187	168	163	168	185	209	227	234	232
212	224	232	233	231	231	231	230	231	233	233	225	211	197	192	195	197	198	200	197	187	174	158	141	123	114	117	136	173	210	230	220	182	130	136	171	195	210	221	230	232	231	231	233	233	220	188	140	128	169	193	198	193	188	189	192	189	166	116	114	178	217	234	235	231	231	233	233	225	213	198	178	148	135	174	212	233	236	232	231	231	231	231	231	231	231	231	232	232	235	232	215	181	153	177	212	231	235	232	231	231	231	231	231	231	231	233	232	224	209	193	187	188	194	207	221	231	233	231	231	233	235	229	215	199	199	214	228	233	232	231	231	231	231	231	231	231	233	235	227	206	176	149	140	148	174	204	226	235	233
223	229	233	233	231	230	230	230	231	234	234	229	220	212	209	211	213	214	215	213	208	202	191	176	157	138	121	123	165	206	229	226	203	180	183	199	210	214	215	219	225	231	232	228	221	207	183	157	161	192	210	205	184	162	159	171	173	155	113	127	181	217	234	235	231	231	233	233	228	220	210	200	189	186	201	221	234	235	232	231	232	233	233	232	231	231	233	234	231	227	220	204	178	163	184	214	232	234	232	231	230	230	231	232	234	234	235	233	223	206	190	183	185	192	206	221	231	233	231	231	233	236	232	223	213	212	221	229	232	232	231	231	231	231	231	231	231	232	233	228	215	198	186	183	186	198	215	229	236	236
234	234	233	232	231	230	230	231	231	232	232	230	228	225	224	225	225	226	226	225	225	225	218	205	189	171	150	136	165	203	228	232	225	219	221	226	227	220	208	205	217	230	232	221	205	192	182	178	190	213	226	213	178	127	115	148	160	150	126	145	187	219	234	235	231	231	233	234	232	229	226	222	220	219	223	228	232	232	231	231	233	234	235	233	232	231	233	233	226	214	201	190	181	182	198	218	232	234	232	231	230	230	232	234	236	236	236	233	223	208	191	183	183	189	204	220	232	234	232	231	232	232	231	228	226	226	228	230	231	231	231	231	231	231	231	231	231	231	232	230	226	222	220	219	219	222	228	232	235	237
229	227	228	229	230	231	231	231	231	231	231	232	232	233	233	233	233	233	233	233	235	236	232	222	208	194	177	167	181	207	228	236	236	235	235	234	229	215	194	186	202	222	227	216	201	193	193	197	208	226	234	221	188	144	126	146	158	159	159	174	200	222	234	234	232	230	229	228	228	230	232	234	234	235	234	232	231	231	232	231	228	226	226	228	230	232	233	233	225	211	197	192	193	199	210	223	232	233	232	231	231	232	230	227	224	225	229	232	226	213	200	194	193	198	209	222	232	233	232	231	231	231	231	232	233	233	232	231	231	231	231	231	231	231	231	231	231	231	230	231	232	234	234	235	234	233	231	228	228	232
198	206	214	222	228	232	232	231	231	231	231	232	232	233	233	233	233	234	235	236	237	238	235	228	220	213	207	204	210	221	231	236	239	238	234	227	216	198	175	164	184	207	218	216	212	211	212	214	220	229	234	226	210	191	179	172	170	179	191	204	216	226	233	234	232	229	223	217	219	226	232	235	235	235	234	232	231	232	235	232	220	205	202	214	227	233	234	232	228	219	212	210	211	215	220	227	231	232	231	231	233	234	227	210	191	192	212	229	231	223	214	211	211	213	219	226	231	232	231	231	231	231	232	234	237	237	234	232	230	231	231	231	231	231	231	231	231	231	231	231	232	234	235	236	236	232	225	218	214	216
153	181	201	215	227	233	233	231	231	231	231	231	231	231	231	231	231	233	234	235	235	235	233	231	228	227	227	228	230	231	233	235	237	236	227	215	198	177	150	138	162	188	205	216	223	228	228	227	228	230	231	230	229	224	211	194	186	197	214	226	229	230	232	233	233	227	215	203	205	219	230	233	233	232	231	231	231	234	237	231	209	178	171	199	224	235	234	232	230	229	227	226	226	227	228	230	231	231	231	231	234	236	225	192	140	142	194	226	235	232	227	227	226	227	228	230	231	231	231	231	231	231	232	234	236	236	234	232	231	231	231	231	231	231	231	231	231	231	231	231	231	231	232	233	233	227	216	204	198	199
156	183	202	216	227	233	233	232	232	231	231	231	231	231	231	232	231	228	225	223	223	225	227	231	233	233	230	226	225	225	226	226	226	224	215	204	189	166	132	103	138	167	192	212	228	236	236	234	233	232	231	233	236	236	227	211	202	212	227	236	236	232	231	233	234	225	205	184	188	211	229	235	233	231	231	232	231	231	231	223	199	166	160	194	223	235	234	231	232	233	233	234	234	234	233	232	231	231	231	231	234	236	225	193	143	145	194	226	237	235	233	234	234	233	233	232	231	231	231	231	232	232	230	226	222	222	226	230	232	232	231	231	231	231	231	231	231	231	231	231	231	231	231	233	234	225	207	188	182	191
200	208	216	223	228	233	235	235	235	233	231	231	231	231	232	234	231	220	205	196	200	209	217	227	233	230	213	193	189	201	211	211	204	197	195	197	192	172	135	86	111	144	175	204	225	237	236	233	233	232	231	232	235	235	230	221	217	222	230	235	234	232	231	234	235	224	195	159	167	204	228	236	233	231	232	233	231	225	218	207	192	177	181	205	227	236	235	231	231	232	233	233	233	233	233	232	231	231	231	231	233	234	228	212	194	195	212	228	234	234	233	233	233	233	233	232	231	231	231	231	233	234	228	210	191	192	211	228	234	233	231	231	231	231	231	231	231	231	231	231	231	231	231	234	235	223	198	169	170	195
230	228	229	230	231	232	233	235	234	233	231	231	231	231	233	235	231	213	184	162	171	189	204	220	232	225	194	146	134	173	195	194	177	164	172	190	194	178	145	102	104	131	165	198	223	235	235	231	231	231	231	231	231	231	231	229	229	229	231	231	231	231	231	235	236	222	185	127	143	197	228	237	234	231	232	234	231	220	205	192	188	188	196	213	228	235	234	231	231	231	231	231	231	231	231	231	231	231	231	231	231	232	231	228	226	226	228	231	232	231	231	231	231	231	231	231	231	231	231	231	234	236	225	193	144	147	195	226	236	234	231	231	231	231	231	231	231	231	231	231	231	231	231	234	235	222	192	157	167	203
239	235	233	233	233	229	224	218	219	225	230	232	232	231	233	235	231	212	181	151	150	164	184	210	229	227	200	161	147	172	188	185	170	157	165	181	187	176	156	143	148	161	183	206	225	234	234	231	231	231	231	231	231	231	232	233	234	233	232	231	231	231	232	236	237	222	183	112	134	195	228	237	234	231	232	233	231	221	208	196	190	187	192	206	219	227	229	231	232	232	232	232	231	231	231	231	231	231	231	231	231	231	232	235	237	237	234	232	231	231	231	231	231	231	231	231	231	231	231	231	235	237	223	183	81	92	187	226	238	235	231	231	231	232	232	232	232	231	231	231	231	231	231	234	234	224	200	177	185	212
237	234	232	234	235	226	206	184	187	210	228	235	233	231	232	235	231	216	193	168	148	135	156	196	224	232	220	204	195	193	192	188	185	181	178	175	173	169	165	170	184	198	211	221	228	233	233	231	231	231	231	231	231	231	233	234	235	234	232	231	232	233	234	238	240	226	188	132	144	197	227	237	234	231	231	232	231	227	223	213	198	179	173	185	200	213	222	229	233	234	234	233	232	231	231	231	231	231	231	231	232	233	234	236	238	237	235	232	231	231	231	231	231	231	231	231	231	231	231	231	235	237	223	182	81	95	191	229	241	236	231	231	233	233	234	234	233	233	232	231	231	231	231	233	233	227	217	208	211	222
232	231	231	234	236	223	190	140	148	196	227	236	234	231	232	234	231	221	206	186	157	104	124	184	221	235	235	231	223	210	196	190	194	194	184	168	159	165	177	192	208	222	231	232	231	231	231	231	231	231	231	231	231	231	231	232	232	232	231	231	231	232	233	236	237	225	194	156	163	202	228	236	233	231	231	231	231	233	234	227	205	174	154	166	185	202	216	228	234	233	232	232	231	231	231	231	231	231	231	231	232	232	233	233	233	233	232	231	231	231	231	231	231	231	231	231	231	231	231	231	235	236	224	188	127	133	193	227	238	235	231	231	232	232	233	232	232	232	231	231	231	231	231	231	231	231	230	229	229	230
227	231	233	236	236	223	189	140	148	196	227	236	234	232	232	233	231	225	217	204	179	143	144	189	222	237	240	239	230	214	196	185	186	183	172	157	152	171	193	210	223	231	237	235	232	231	231	231	231	231	231	231	232	231	229	225	223	226	231	232	229	225	221	220	219	212	198	185	193	214	230	235	233	231	231	231	231	234	237	231	210	178	160	174	193	208	220	229	232	227	223	225	229	232	232	232	231	231	232	231	228	224	221	218	216	218	224	230	233	233	233	233	232	231	231	232	233	232	231	231	233	235	226	204	176	171	190	209	220	227	231	231	227	224	223	222	223	226	229	231	232	231	231	231	231	232	234	235	235	233
223	231	236	237	236	225	200	172	175	205	228	236	235	234	233	233	231	229	226	219	202	180	179	204	228	239	239	236	227	212	194	177	165	153	145	142	155	183	207	223	229	232	233	233	232	231	231	231	231	231	231	231	233	232	224	213	208	217	231	235	227	213	201	192	187	190	201	212	221	228	233	235	233	231	231	231	231	233	236	230	212	186	177	194	212	223	229	231	228	218	210	214	225	233	235	233	231	232	233	230	222	211	201	191	185	193	212	227	235	237	237	235	233	231	233	235	236	235	233	231	232	233	229	222	213	201	185	172	186	213	230	230	220	211	208	207	210	218	227	232	233	231	231	231	231	231	232	233	233	232
213	225	233	235	234	227	211	194	196	214	229	234	233	231	231	231	231	232	234	230	216	198	194	210	226	234	235	233	226	214	198	177	153	124	115	130	157	190	217	233	235	232	231	231	231	231	231	231	231	231	231	232	234	232	221	203	194	207	225	231	221	205	187	169	154	169	202	226	235	234	231	231	231	231	231	231	231	232	234	229	215	198	194	210	226	233	235	233	225	208	194	201	218	231	234	232	231	232	234	229	218	204	187	168	154	170	203	226	235	234	232	232	231	231	231	232	232	231	231	231	231	231	231	235	235	220	183	130	151	203	229	229	211	194	188	188	195	209	224	233	233	232	231	231	231	231	231	231	231	231
192	205	216	225	230	230	221	211	212	222	230	231	225	221	224	228	232	235	237	232	217	195	184	193	206	216	225	231	229	222	210	193	171	146	131	131	153	190	219	236	237	233	231	231	231	231	231	231	231	232	232	233	234	232	220	201	187	193	206	212	212	209	201	182	162	170	199	222	229	224	220	222	227	231	232	231	231	232	233	230	221	211	210	220	231	235	237	234	222	199	178	183	203	219	226	229	231	233	233	230	222	211	198	178	161	174	206	228	231	218	207	211	224	231	226	214	209	216	226	232	233	231	232	237	240	226	191	143	157	205	230	224	198	170	161	166	180	202	221	233	234	232	231	232	232	232	232	231	231	231
158	169	188	209	225	233	229	223	224	229	232	227	215	208	213	226	234	237	237	230	210	180	156	156	168	187	210	227	233	231	224	212	195	176	156	138	146	184	216	234	236	232	231	231	231	231	231	231	232	233	234	234	235	232	220	204	187	177	173	180	200	219	223	208	188	183	195	207	210	204	201	209	221	231	233	232	231	231	232	231	227	223	223	227	231	233	235	234	220	192	161	160	182	201	214	224	232	234	233	231	228	225	217	202	186	191	215	231	223	191	156	176	214	231	219	187	167	190	219	233	235	232	231	235	236	225	201	174	182	215	231	219	182	133	117	140	167	196	220	233	235	231	231	233	234	234	233	231	231	231
128	136	165	198	222	235	235	232	232	234	233	223	205	192	200	218	231	235	236	229	209	180	151	140	146	171	202	225	236	237	233	225	212	197	180	162	160	188	217	233	235	232	231	231	231	231	231	231	231	231	230	231	233	232	223	209	194	175	157	161	195	223	231	220	201	190	190	191	191	189	191	204	219	231	234	232	231	231	231	231	231	232	232	231	231	231	235	234	221	194	163	158	175	192	208	222	232	234	232	231	233	234	229	213	196	197	218	232	220	176	104	153	210	231	214	164	118	171	214	234	236	232	231	233	233	226	211	197	202	222	232	217	180	127	99	130	160	193	219	234	235	232	231	231	230	230	231	231	231	231
144	147	170	199	223	235	236	234	234	236	234	220	196	174	181	202	217	226	231	230	218	201	186	180	181	193	211	227	235	236	235	230	222	213	203	194	192	205	222	233	234	232	231	231	232	232	232	232	230	224	220	223	230	234	229	219	208	198	188	187	202	218	222	215	203	192	181	173	178	190	203	214	224	231	233	232	232	231	231	232	233	234	234	233	232	232	234	233	225	208	191	189	196	205	216	226	233	234	232	232	235	238	231	211	188	187	213	230	225	197	170	185	218	232	215	172	141	178	216	234	235	232	231	233	233	228	220	213	215	226	232	222	202	180	168	164	173	197	221	234	235	233	230	224	219	220	227	233	234	234
171	173	186	207	225	234	234	232	233	236	234	219	189	158	159	182	200	215	226	232	229	222	218	217	217	220	225	230	233	233	232	231	228	225	222	219	219	223	228	232	232	232	232	232	232	232	233	233	227	216	207	212	226	236	235	229	224	221	220	217	213	209	205	202	200	190	172	154	169	199	220	229	230	231	232	232	232	231	232	232	232	232	232	232	232	232	232	232	229	224	219	218	220	223	227	232	234	234	232	232	235	238	230	204	171	171	204	228	232	223	215	218	229	232	218	191	176	195	220	233	235	232	232	232	232	230	227	225	226	230	232	230	226	219	208	193	189	204	223	233	235	234	229	217	205	207	221	234	238	236
193	194	201	214	227	233	233	232	232	235	234	220	193	165	162	178	195	210	223	233	235	234	234	234	234	234	233	232	231	231	231	232	232	233	234	234	234	233	232	232	231	232	232	232	232	232	234	234	225	206	189	195	213	227	232	232	233	235	237	232	218	199	186	188	193	188	172	159	178	209	230	237	234	232	231	232	232	232	232	232	232	232	232	232	232	232	231	231	232	233	234	234	234	233	232	230	230	230	231	232	233	234	224	197	164	166	200	226	236	236	234	235	235	232	221	206	198	209	224	233	234	232	232	232	231	232	232	233	233	232	232	232	235	233	220	202	193	205	223	233	236	234	228	212	195	195	211	225	232	234
211	211	215	222	229	233	233	232	232	234	233	224	209	196	194	201	209	218	226	232	234	235	236	236	236	235	233	232	231	231	231	232	233	234	234	235	235	234	232	231	231	232	232	231	231	232	236	236	224	197	168	165	184	202	215	226	234	238	240	233	214	187	166	167	176	182	185	190	204	220	232	236	234	232	231	232	232	232	232	232	232	232	232	232	232	232	231	231	232	234	235	236	236	234	229	222	218	223	231	233	229	222	210	190	170	177	205	227	236	237	236	236	235	232	226	218	214	219	227	232	233	232	232	231	231	232	233	234	234	233	232	229	227	221	206	186	178	198	221	234	236	235	228	212	195	189	195	203	214	227
225	226	226	228	231	232	232	232	232	232	232	229	225	222	222	223	226	228	230	232	232	232	232	232	232	232	232	232	232	231	232	232	232	232	232	232	232	232	232	232	232	232	232	231	231	232	237	238	223	190	144	118	139	165	193	217	232	238	238	230	208	176	147	144	156	176	199	217	227	230	231	233	232	232	232	232	232	232	232	232	232	232	232	232	232	232	232	231	232	232	232	233	234	232	223	210	203	214	230	233	223	207	193	185	181	191	211	228	235	234	232	232	232	232	230	227	226	228	230	232	232	232	232	232	232	232	232	232	232	234	232	225	213	199	181	159	158	189	218	234	237	235	228	215	200	186	176	173	190	217
234	234	233	233	232	231	231	232	232	231	231	232	234	235	235	234	234	233	232	232	232	232	232	232	232	232	232	232	232	232	232	232	232	232	232	232	232	232	232	232	232	232	232	232	232	231	234	232	216	184	138	109	132	159	189	215	232	237	237	229	211	184	159	143	142	169	204	229	239	236	232	231	231	232	232	232	232	232	232	232	232	232	232	232	232	232	232	232	232	232	232	232	234	232	219	198	187	201	221	228	218	203	193	193	197	206	218	229	234	233	232	232	231	231	232	233	234	233	232	231	232	232	232	232	232	232	232	232	232	234	233	224	211	196	181	166	168	194	220	234	237	235	228	217	201	183	160	145	171	211
234	234	233	233	232	231	231	232	232	231	231	232	234	235	235	234	234	234	235	236	235	234	233	233	234	233	232	232	231	231	232	232	232	232	232	232	232	232	232	232	232	232	232	232	233	229	224	217	203	181	161	161	178	195	210	223	232	235	234	230	221	209	193	169	143	160	201	229	239	236	232	231	231	232	232	232	232	232	232	232	232	232	232	232	232	232	232	232	232	232	232	232	235	232	215	188	167	180	202	214	214	212	212	212	214	218	225	230	233	232	232	232	231	231	232	233	234	233	232	232	233	234	234	233	232	231	231	232	232	233	232	227	220	212	205	199	200	211	225	233	236	236	230	218	203	185	161	145	171	209
232	232	232	232	232	232	232	232	232	232	232	232	232	232	232	231	232	233	235	236	236	234	234	234	234	233	233	232	231	231	232	232	232	232	232	232	232	232	232	232	232	232	232	233	234	228	215	201	190	183	182	193	210	224	229	230	232	232	232	231	231	230	219	192	155	158	198	226	236	234	232	232	232	232	232	232	232	232	232	232	232	232	232	232	232	232	232	232	232	232	232	233	236	232	213	181	152	160	183	199	212	222	229	229	227	228	230	231	232	232	232	232	232	232	232	232	232	232	231	232	233	235	235	234	232	231	231	232	232	232	232	230	229	227	226	225	225	227	230	232	235	236	230	218	203	186	166	153	175	208
232	232	232	232	232	232	232	232	232	232	232	232	232	232	232	232	232	228	223	220	222	225	227	227	226	227	229	231	232	232	232	232	232	232	232	232	232	232	232	232	232	232	232	233	234	228	215	201	195	196	201	212	225	235	237	234	232	231	231	232	235	238	231	209	181	179	205	227	235	234	232	232	232	232	232	232	232	232	232	232	232	232	232	232	232	232	232	232	232	232	232	232	235	232	216	191	170	172	186	201	215	228	236	236	234	234	233	232	231	231	232	232	232	232	232	232	232	232	232	231	228	224	223	227	230	232	232	232	232	232	232	233	233	234	235	235	235	234	233	231	230	230	222	210	195	179	161	152	175	207
232	232	232	232	232	232	232	232	232	232	232	232	232	232	233	235	231	217	194	179	190	206	214	214	213	217	223	230	233	232	232	232	232	232	232	232	232	232	232	232	232	232	232	232	233	229	223	216	213	214	217	222	229	234	235	233	232	231	231	232	234	236	232	220	207	207	219	231	236	236	235	234	232	232	232	234	235	236	236	235	234	232	231	231	232	232	232	232	232	232	232	232	234	232	224	212	204	204	209	216	223	230	234	234	234	233	232	232	231	231	232	232	232	232	232	232	232	233	234	230	217	202	199	213	228	234	233	231	232	234	236	236	234	233	234	234	234	234	234	230	224	216	205	191	176	160	143	140	172	206
232	232	232	232	232	232	232	232	232	232	232	232	232	232	233	237	231	207	161	106	148	185	200	199	196	203	217	228	234	233	232	232	232	232	232	232	232	232	232	232	232	232	232	232	232	231	230	229	229	229	229	230	231	232	232	232	232	232	232	232	232	232	231	229	227	228	230	232	234	234	234	234	232	232	232	234	234	235	235	234	233	232	231	231	232	232	232	232	232	232	232	232	232	232	230	228	227	227	228	229	230	231	232	232	232	232	232	232	232	232	232	232	232	232	232	232	232	234	236	228	206	175	170	199	225	235	234	232	232	234	235	234	233	232	231	232	232	233	234	230	219	205	188	174	160	147	136	141	175	207
232	232	232	232	232	232	232	232	232	232	232	232	232	232	233	236	231	210	173	138	154	180	190	184	178	189	210	227	235	234	232	232	232	232	232	232	232	232	232	232	232	232	232	231	231	232	233	234	234	234	234	234	232	232	231	232	232	232	232	232	232	232	232	234	236	235	231	226	223	220	220	223	228	232	229	223	219	218	218	220	225	230	233	233	233	232	232	232	232	232	232	232	231	232	233	235	236	236	235	234	233	232	231	231	232	232	232	232	232	232	231	232	232	232	232	232	232	234	236	228	200	158	149	192	223	236	236	232	228	221	216	219	226	231	233	232	232	233	234	230	220	208	195	186	179	173	170	174	192	214
231	231	231	231	232	231	232	232	232	232	232	232	232	232	232	234	231	222	209	197	192	191	185	171	158	173	203	226	235	234	232	231	232	232	232	232	232	232	232	232	232	232	231	231	231	232	232	233	233	233	233	233	232	232	231	232	232	231	231	232	232	233	234	235	236	231	223	214	204	195	191	202	221	232	223	204	187	181	181	191	209	226	236	238	237	236	234	232	231	231	232	232	231	232	232	233	234	234	233	233	232	232	231	231	232	232	232	232	231	231	231	232	233	234	235	236	236	237	238	228	199	155	146	190	223	236	238	234	221	196	173	186	213	231	235	233	232	232	232	231	228	225	220	215	209	207	206	207	214	223
231	232	232	232	232	232	232	232	232	232	232	232	232	232	232	232	232	232	232	227	217	203	187	168	151	166	200	226	236	234	232	232	232	232	232	232	232	232	232	232	232	232	232	232	232	232	232	232	232	232	232	232	232	232	232	232	232	232	231	232	232	232	233	234	234	227	216	201	185	166	158	182	216	231	220	190	156	140	143	164	196	222	236	236	234	233	233	232	231	231	232	232	231	232	232	232	232	232	232	232	232	232	232	232	232	232	232	232	231	231	231	232	232	232	233	234	234	235	236	228	202	165	158	194	224	236	239	235	217	174	106	152	204	231	237	233	232	232	231	232	232	232	232	231	230	229	229	229	230	231
233	232	232	232	232	232	232	232	232	232	232	232	232	232	232	231	232	234	238	236	227	214	201	188	179	187	209	227	235	234	232	232	232	232	232	232	232	232	232	232	232	232	232	232	232	232	232	232	232	232	232	232	232	232	232	232	232	232	232	231	228	224	224	229	234	228	214	197	179	161	154	180	214	231	223	198	175	167	169	179	198	216	223	219	212	214	223	230	233	232	232	232	232	232	232	232	232	232	233	233	232	232	232	232	233	233	232	232	232	232	232	230	226	222	218	213	212	221	230	230	213	190	186	207	227	236	238	236	221	189	156	175	211	232	237	234	232	232	233	230	224	217	218	225	234	238	238	238	236	234
235	232	232	232	232	232	232	232	232	232	232	232	232	232	232	231	232	233	234	234	230	224	219	214	212	214	222	230	233	232	232	232	232	232	232	232	232	232	232	232	232	232	232	232	232	232	232	232	232	232	232	232	232	232	232	232	232	232	233	231	223	214	212	223	234	231	218	200	186	175	173	191	216	231	230	219	210	209	210	210	210	208	201	184	167	177	205	227	236	234	232	232	232	232	232	231	232	234	236	237	235	232	232	234	236	236	234	232	232	233	232	226	217	205	190	172	169	195	221	233	227	215	214	222	232	236	238	237	231	220	211	215	227	236	237	234	232	233	235	229	209	182	179	204	227	238	238	238	237	236
236	233	232	232	232	232	232	232	232	232	232	232	232	232	232	232	232	232	232	232	232	232	232	232	232	232	232	232	232	232	232	232	232	232	232	232	232	232	232	232	232	232	232	232	232	232	232	232	232	232	232	232	232	232	232	232	232	233	234	230	216	199	196	213	229	230	216	198	189	188	191	204	220	231	234	233	232	233	234	230	219	205	186	156	119	146	195	226	237	235	232	232	232	232	232	232	232	232	232	232	232	232	232	232	232	232	232	232	232	234	233	224	212	195	170	133	125	177	216	235	236	232	232	232	232	232	232	232	232	232	232	232	232	232	232	232	232	234	237	228	197	145	134	188	223	237	235	232	232	232
235	233	232	232	232	232	232	232	232	232	232	232	232	232	232	232	232	232	232	232	233	234	235	236	236	236	234	232	232	232	232	232	232	232	232	232	232	232	232	232	232	232	232	232	233	233	232	232	232	232	232	232	232	232	232	233	234	235	237	231	210	181	170	194	216	218	204	185	184	195	207	217	225	232	235	236	237	239	240	236	226	214	199	182	168	179	207	228	237	235	232	232	232	232	233	235	233	224	212	208	218	230	232	224	215	214	222	230	234	235	233	226	217	205	189	170	167	193	219	234	238	237	235	230	224	219	216	214	215	218	220	218	214	213	219	227	232	236	237	228	199	155	148	194	226	235	226	214	212	216
233	232	232	232	232	232	232	232	232	232	232	232	232	232	232	232	232	232	232	232	232	233	233	233	234	233	233	232	232	232	232	232	232	232	232	232	232	232	232	232	232	232	232	234	234	234	234	232	232	232	232	232	232	232	234	235	236	238	240	232	204	160	130	167	197	201	184	165	176	201	221	229	230	232	234	235	236	238	239	237	232	226	220	217	216	219	227	233	236	234	232	232	232	232	234	238	234	212	178	162	197	228	234	214	188	186	209	228	236	235	232	230	226	222	217	212	212	219	227	233	235	236	231	222	211	201	194	188	184	184	185	182	177	182	200	220	233	237	236	229	209	184	182	210	232	232	211	186	180	189
232	232	232	232	232	232	232	232	232	232	232	232	232	232	232	232	232	232	232	232	232	232	232	232	232	232	232	232	232	232	232	232	232	232	232	232	232	232	232	232	232	232	232	232	231	231	232	232	232	232	232	232	232	232	232	231	231	233	236	228	201	157	123	161	189	193	174	154	174	208	230	237	235	232	232	232	231	231	230	231	232	233	233	233	232	232	232	231	231	232	232	232	232	232	234	237	230	202	145	96	179	222	230	204	164	164	200	227	236	235	232	232	233	233	233	234	234	233	233	232	234	235	229	217	201	184	170	157	148	151	155	152	143	154	187	216	233	238	236	230	216	199	197	216	231	225	198	162	154	172
232	232	232	232	232	232	232	232	232	232	232	232	232	232	232	232	232	232	232	232	233	233	234	233	232	232	232	232	232	233	233	234	234	234	234	233	232	232	232	232	233	233	231	226	221	221	227	232	234	233	232	233	235	234	227	217	209	211	218	217	205	189	183	194	206	204	185	166	181	211	232	238	236	232	228	223	218	213	209	211	221	232	234	227	217	213	215	218	222	227	232	234	234	234	231	229	219	196	160	142	179	211	217	197	168	174	206	230	238	236	232	233	234	235	236	237	237	236	233	232	234	235	228	215	198	177	154	128	122	145	160	161	153	161	190	217	233	237	236	230	218	203	198	209	220	214	193	170	171	190
232	232	232	232	232	232	232	232	232	232	232	232	232	232	232	232	232	232	232	232	233	234	235	234	233	232	232	232	233	234	235	236	236	237	236	234	232	232	232	232	233	234	230	219	208	208	221	232	236	234	232	234	237	236	221	197	177	178	191	202	211	218	223	226	227	219	201	183	190	213	230	236	236	233	224	212	199	187	176	180	206	228	231	212	184	173	184	199	212	222	231	236	237	235	228	217	205	194	185	180	188	198	200	191	183	194	216	234	240	236	232	232	232	233	233	233	233	233	232	232	234	235	228	216	199	176	147	101	115	157	179	184	177	181	200	220	233	237	236	230	217	202	193	197	203	202	193	187	197	213
232	232	232	232	232	232	232	232	232	232	232	232	232	232	232	232	232	232	232	232	231	230	230	231	232	232	232	232	232	231	230	229	229	228	230	231	232	233	232	232	234	235	229	213	194	192	210	226	233	233	232	233	235	231	213	182	153	159	181	199	213	226	234	236	236	230	215	201	203	218	230	235	236	233	223	210	194	175	154	158	196	226	230	208	173	156	168	186	203	219	230	235	235	230	219	203	189	188	194	196	197	195	195	193	193	201	214	225	231	232	232	233	232	232	232	232	232	232	232	232	234	234	229	219	205	187	164	140	149	178	197	201	197	199	211	224	233	236	236	230	218	202	191	190	191	191	189	191	203	218
234	233	232	232	232	232	232	232	232	232	232	232	233	234	234	233	232	233	235	233	228	221	219	224	230	233	234	233	230	223	217	211	207	207	215	227	236	237	235	234	236	238	230	208	180	172	191	210	222	228	232	231	228	220	204	180	164	179	201	213	213	209	213	224	233	233	225	215	216	224	231	234	234	232	227	220	209	191	169	167	197	225	232	219	200	187	183	185	198	217	231	233	228	219	205	185	170	175	187	197	204	209	209	204	198	195	195	197	207	221	231	234	233	232	232	232	232	232	232	232	233	234	230	224	217	207	196	188	192	203	213	217	216	217	222	228	233	236	238	234	219	201	188	187	189	186	180	179	189	205
236	233	232	232	232	232	232	232	232	232	232	233	234	235	234	233	232	234	236	234	223	209	205	215	228	234	236	234	227	215	202	189	177	176	197	222	238	240	236	235	237	239	230	204	169	152	170	192	208	222	232	229	218	206	195	185	184	203	223	228	211	182	177	202	226	235	232	227	227	230	232	233	233	232	231	231	226	211	191	185	204	225	234	232	226	217	203	190	197	218	231	230	219	205	188	168	154	162	179	195	211	223	226	216	202	186	166	152	174	207	230	237	234	232	232	232	232	232	232	232	232	233	232	230	228	225	223	221	222	224	226	228	230	231	232	232	232	236	239	235	220	201	187	188	191	186	172	162	169	183
236	233	232	232	232	232	232	232	232	232	232	231	230	229	230	231	232	232	232	227	212	193	189	207	226	235	236	234	227	216	201	181	155	141	171	205	226	230	229	229	231	232	225	204	177	165	175	191	206	223	232	226	205	186	184	192	202	216	229	229	206	168	158	193	224	237	237	234	234	233	232	232	232	232	234	236	234	223	207	201	212	226	234	238	238	232	216	201	204	221	232	226	208	188	175	168	167	176	188	203	219	232	233	222	204	181	145	90	148	200	229	238	235	232	232	232	232	232	232	232	232	232	232	233	234	235	236	236	236	236	235	233	230	228	229	232	232	231	228	222	213	204	197	199	201	194	177	161	162	174
236	233	232	232	232	232	232	232	232	233	233	229	222	217	221	229	232	228	221	211	193	171	172	201	226	238	238	236	231	226	217	195	157	93	129	173	196	206	211	216	218	218	216	209	202	200	204	210	218	229	234	220	188	156	169	199	217	221	220	213	195	171	172	202	228	239	239	236	236	234	232	232	232	232	233	235	234	228	220	216	221	228	234	238	240	236	226	216	217	228	233	221	194	169	171	188	201	207	210	217	226	234	232	220	204	182	150	116	155	201	229	238	234	232	232	232	232	232	232	232	232	232	233	235	237	238	238	238	238	239	237	228	214	205	214	229	234	221	198	186	196	210	217	218	217	209	193	175	170	180
235	233	232	232	232	232	232	232	232	234	234	226	212	203	210	225	232	225	210	194	174	153	161	197	225	238	238	235	234	236	232	211	170	81	81	114	150	173	190	201	202	200	205	214	222	227	228	228	230	235	235	216	172	119	160	208	229	224	208	195	187	183	192	212	230	238	238	235	234	233	232	232	232	232	232	233	232	231	229	228	230	231	233	235	236	235	232	229	229	234	234	217	184	154	174	207	226	230	228	229	232	234	230	218	203	184	162	145	170	206	229	237	234	232	232	232	232	232	232	232	232	232	232	234	236	236	236	235	235	238	236	220	192	171	193	225	234	210	158	126	178	216	232	234	231	223	207	191	184	190
234	233	232	232	232	232	233	233	233	235	234	222	199	182	195	220	233	227	211	196	182	171	176	200	220	230	229	226	229	236	237	222	193	151	96	81	80	142	176	191	187	178	187	210	230	240	238	235	235	237	235	217	182	150	178	217	235	228	210	197	196	200	206	213	220	225	226	226	228	230	232	233	232	232	232	232	232	234	235	235	235	234	232	228	224	224	229	234	236	237	234	219	192	171	190	220	237	240	236	234	235	235	229	217	201	186	170	162	181	209	230	236	234	232	232	232	232	232	232	232	233	233	231	228	224	223	225	227	228	231	228	210	175	145	175	214	226	206	158	139	186	223	239	240	237	230	219	207	201	204
233	232	232	233	234	235	236	237	236	238	235	218	185	155	179	217	236	234	223	214	209	205	205	209	214	215	212	209	215	227	234	229	217	200	172	125	81	128	174	189	175	148	161	200	230	242	240	235	234	235	234	224	208	198	207	225	234	230	221	214	216	219	216	206	196	194	201	209	218	225	231	234	233	232	233	234	234	236	237	238	238	239	233	218	202	202	217	231	236	236	233	225	212	205	212	226	236	237	235	234	235	235	229	215	199	184	175	174	189	213	230	236	234	232	232	232	232	232	232	232	234	235	229	214	198	193	202	211	214	216	212	195	164	138	163	195	211	208	197	199	213	228	236	237	235	232	226	220	217	218
232	232	232	233	234	234	235	236	236	238	236	216	174	126	164	211	235	238	233	229	230	230	226	216	205	197	193	193	203	218	230	235	235	229	206	162	91	137	180	191	169	114	128	188	225	239	238	233	232	232	232	231	228	227	228	231	232	232	230	230	232	234	225	202	171	158	173	191	207	220	230	235	233	232	233	233	234	234	235	235	238	239	230	205	174	173	203	227	236	235	232	231	229	228	229	231	232	232	232	232	234	235	229	215	199	187	184	186	199	217	230	235	234	232	232	232	232	232	232	232	235	236	227	203	171	158	178	195	200	200	197	185	164	149	161	180	197	211	222	231	233	232	232	233	232	232	231	230	230	230
233	234	232	230	227	224	220	217	220	230	234	219	182	140	160	198	221	230	233	236	239	240	233	214	189	176	183	196	209	220	230	237	241	239	223	192	165	175	198	202	181	139	134	178	209	225	229	231	233	232	232	234	236	237	236	234	232	233	234	236	238	239	231	210	183	167	172	184	200	217	230	236	235	233	231	228	225	223	222	220	223	225	215	186	142	149	196	226	237	235	232	233	235	236	236	234	232	232	232	232	234	234	230	219	208	201	201	204	212	223	231	234	233	232	232	232	232	232	232	232	235	236	228	208	182	169	176	187	193	198	200	195	185	179	183	191	201	214	224	232	234	233	233	232	232	232	234	235	235	235
235	237	235	227	217	205	188	175	186	214	231	225	200	174	170	181	195	213	228	239	242	242	232	204	165	154	188	216	228	230	231	235	238	238	231	219	210	212	220	218	201	177	162	167	179	196	214	228	235	234	232	233	234	235	234	233	232	233	235	236	238	238	234	224	213	202	192	187	197	215	230	237	238	237	231	222	212	204	198	193	195	197	189	158	95	137	192	226	238	235	232	233	234	234	234	233	232	232	232	232	233	233	231	226	221	219	220	222	225	229	232	233	232	232	232	232	232	232	232	232	234	236	232	225	215	205	195	188	193	207	217	218	213	210	212	215	218	216	213	216	224	233	237	236	233	232	233	234	234	234
234	236	231	221	206	186	156	120	153	202	229	230	214	195	178	162	162	191	219	236	240	239	228	195	142	137	191	225	238	236	232	232	233	233	233	232	232	232	234	230	218	202	185	167	154	170	202	226	236	235	232	232	232	232	232	232	232	232	233	233	233	233	233	234	233	225	209	194	198	216	230	236	237	235	225	212	195	182	170	159	159	163	158	131	87	146	196	226	237	235	232	232	232	232	232	232	232	232	232	232	232	232	232	232	231	231	232	232	232	232	232	232	232	232	232	232	232	232	232	232	233	233	233	234	234	226	209	194	198	216	230	234	232	230	231	233	230	218	201	197	211	228	236	235	233	232	232	232	232	232
227	221	213	205	197	184	167	155	175	209	230	230	217	199	178	148	133	167	200	219	225	226	218	192	153	148	184	212	225	230	232	231	227	223	221	221	223	228	234	234	228	217	205	190	177	184	208	228	236	234	232	232	232	232	232	233	232	229	226	224	222	221	224	231	237	234	221	207	209	222	232	231	224	215	204	193	179	165	152	138	134	137	143	148	158	182	209	228	237	235	233	233	232	232	232	232	232	232	232	232	232	232	232	234	235	234	230	227	227	230	233	233	233	232	232	232	232	232	233	232	229	225	224	227	229	225	215	206	210	223	234	238	237	237	237	238	234	219	199	188	196	209	219	225	230	233	233	232	232	232
215	194	179	181	189	195	199	204	213	225	232	227	213	195	172	143	116	141	171	189	199	204	203	192	177	169	171	178	196	217	231	230	219	206	197	189	190	206	224	234	232	226	221	215	211	213	222	230	234	233	232	232	232	232	233	234	232	225	217	209	205	203	207	220	231	234	228	222	223	230	233	223	202	179	168	168	165	156	147	138	130	127	150	177	200	216	226	233	237	236	235	234	233	232	232	232	232	232	232	232	232	232	232	234	234	230	221	212	215	225	234	236	234	232	232	232	232	233	234	231	224	216	210	209	210	212	215	220	225	229	233	234	234	234	235	236	232	219	201	185	178	177	189	209	227	235	234	232	232	232
209	176	154	165	184	201	217	228	235	236	234	226	213	197	175	150	121	122	143	160	175	188	196	198	197	190	171	154	173	209	230	230	215	196	178	159	158	188	217	234	236	233	232	232	232	232	232	232	232	232	232	232	232	232	233	235	232	221	205	193	188	189	198	214	228	234	234	232	233	237	235	216	180	127	107	143	157	159	157	156	150	145	168	200	224	236	235	232	232	232	232	232	232	232	232	232	232	232	232	232	232	232	232	234	234	227	211	196	199	217	231	235	233	232	232	232	232	234	235	230	218	202	191	188	191	201	217	229	235	234	232	232	232	232	233	235	231	221	206	190	171	154	167	200	225	236	235	232	232	232
216	196	182	181	187	201	220	235	241	239	235	228	221	210	193	172	150	143	149	162	181	199	209	214	215	210	195	182	191	214	231	230	220	206	189	166	160	187	217	234	237	235	235	236	237	236	234	233	232	232	232	232	232	232	233	236	232	215	191	175	183	198	211	222	230	236	236	235	235	238	235	213	169	81	80	140	167	178	185	190	187	184	195	215	233	238	232	223	220	220	222	225	230	233	234	233	232	232	232	232	232	232	232	235	236	226	204	180	181	202	219	227	230	232	233	232	232	234	236	229	211	184	167	170	181	198	217	232	237	235	232	232	232	232	233	234	232	225	216	205	193	182	187	208	227	235	234	232	232	232
229	225	218	206	195	199	217	234	240	239	236	233	230	225	211	193	175	169	171	182	201	219	229	231	230	227	221	216	218	225	232	232	230	223	210	189	179	197	220	234	236	234	233	233	234	233	233	232	232	232	232	232	232	232	234	236	232	210	176	158	185	215	231	235	236	237	235	234	234	238	235	214	168	81	80	153	182	198	210	218	218	216	219	227	233	231	221	209	203	204	208	216	227	234	236	234	232	232	232	232	232	232	233	237	238	227	199	165	159	183	203	216	225	232	234	233	232	234	237	228	203	164	136	155	179	199	217	230	236	234	232	232	232	232	232	233	232	229	226	222	218	215	217	223	230	233	233	232	232	232
234	234	229	215	198	196	212	227	233	232	231	232	235	234	224	210	197	192	192	198	211	225	233	233	231	232	233	234	234	233	232	233	235	234	223	206	197	207	223	233	234	233	232	232	232	232	232	232	232	232	232	232	232	232	234	236	232	211	177	161	190	220	234	234	231	230	231	232	233	237	235	216	179	134	141	175	198	214	226	235	236	234	234	235	235	227	213	197	188	185	189	202	219	230	234	233	232	232	232	232	232	232	232	235	235	223	198	167	157	172	189	206	221	232	235	233	232	235	237	228	200	153	118	154	185	205	219	230	235	234	232	232	232	232	232	232	232	232	233	233	234	234	234	233	232	232	232	232	232	232
228	221	212	204	197	195	200	207	211	213	216	223	230	235	231	221	213	211	212	212	211	210	210	210	211	217	228	237	240	236	232	232	235	235	229	218	212	218	227	233	234	232	232	232	232	232	232	232	232	232	232	232	232	232	233	235	232	219	202	190	196	206	211	208	206	211	221	230	234	236	234	222	202	184	187	201	213	223	231	237	238	237	236	236	235	227	212	195	178	167	163	179	200	217	225	229	232	234	234	234	235	235	232	229	224	216	205	194	187	184	188	203	221	234	237	234	232	234	237	229	204	167	150	177	202	217	225	231	234	233	232	232	232	232	232	232	232	233	234	235	236	236	236	234	233	232	232	232	232	233
217	194	179	183	193	193	185	177	179	186	197	210	223	232	233	229	226	226	229	224	208	186	169	166	172	191	215	234	241	237	233	232	233	233	231	227	225	227	230	232	233	232	232	232	232	232	232	232	232	232	232	232	232	232	232	233	232	229	226	217	202	184	169	162	164	183	208	228	236	235	233	229	223	218	219	222	226	229	231	233	234	233	233	235	235	227	214	196	175	149	126	145	176	199	214	224	233	236	236	237	237	237	232	222	210	207	214	220	215	202	193	204	223	236	238	234	232	234	236	230	211	186	180	199	219	229	231	232	233	232	232	232	232	232	232	232	232	232	232	233	233	233	233	233	232	232	232	232	233	234
205	171	147	168	190	192	176	156	158	174	191	207	221	231	235	234	234	236	238	232	211	182	152	137	138	164	197	221	232	233	232	233	232	232	233	234	234	234	233	232	232	232	232	232	232	232	232	232	232	232	232	232	232	232	232	232	232	235	238	232	211	181	152	142	149	174	205	227	236	235	232	233	234	235	235	234	234	233	232	232	232	232	232	234	234	228	218	204	185	160	136	147	173	194	211	224	233	233	230	228	230	232	226	209	191	193	216	233	231	212	195	200	216	228	232	232	232	234	234	230	218	203	201	216	230	236	234	232	232	232	232	232	232	232	232	232	232	232	232	232	232	232	232	232	232	232	232	232	232	231
191	161	143	165	187	191	179	165	172	190	206	218	226	232	234	234	234	236	237	233	223	209	192	171	149	148	170	192	210	223	233	237	234	232	233	234	234	234	233	232	232	232	232	232	232	232	233	234	234	233	232	232	232	232	232	232	232	235	238	234	221	203	190	186	188	200	218	232	238	236	234	234	236	237	236	236	234	234	233	232	232	232	232	233	234	230	224	216	206	195	187	190	199	209	220	229	232	224	212	204	209	216	211	189	161	171	209	233	233	214	194	189	194	202	213	225	233	235	234	231	224	217	216	224	232	236	234	232	232	232	232	232	232	232	232	232	232	232	232	232	232	232	232	232	232	232	234	233	229	223
178	159	152	168	186	192	186	182	193	210	224	231	232	232	233	233	233	233	233	233	233	233	224	201	169	141	131	143	176	210	233	240	236	232	232	233	233	233	232	232	232	232	232	232	232	233	234	235	235	234	233	232	232	232	232	232	232	233	234	232	229	225	222	221	222	225	231	236	238	237	235	234	234	233	233	233	233	233	232	232	232	232	232	233	233	232	230	228	226	223	221	222	224	226	230	235	232	214	188	170	181	197	195	167	122	147	200	229	232	215	194	179	166	166	191	217	233	236	234	232	230	228	228	230	232	233	233	232	232	232	232	232	232	232	232	232	232	232	232	232	232	232	232	232	232	233	234	234	226	214
179	166	164	178	194	202	200	199	208	222	233	236	235	233	232	232	233	233	233	232	233	233	224	205	179	148	108	80	144	193	221	233	233	233	233	233	233	233	233	233	233	233	232	233	233	232	230	229	229	231	232	233	233	233	232	233	233	232	232	233	234	235	236	237	237	234	230	225	224	226	228	230	231	232	233	233	232	232	233	233	233	233	232	232	232	233	233	234	235	236	237	236	236	235	235	237	231	210	177	152	170	193	195	173	142	160	202	229	232	219	203	187	168	163	188	216	233	236	233	233	233	234	234	234	233	232	232	233	232	233	233	233	233	232	233	232	233	233	233	233	233	233	233	233	233	233	235	234	226	214
196	179	176	192	209	218	217	216	220	227	233	235	234	233	232	232	233	234	235	231	221	207	193	186	180	167	141	107	134	171	197	214	226	234	236	234	233	233	234	234	234	233	232	233	234	230	223	217	219	227	234	235	234	233	232	232	232	232	232	233	234	235	236	238	239	230	213	193	189	199	210	219	227	232	234	233	232	232	233	233	233	233	232	232	232	233	233	234	235	236	236	236	235	235	235	237	231	212	183	167	187	209	215	205	193	198	216	230	232	225	217	209	200	198	208	223	233	235	233	233	233	234	235	235	235	234	233	233	232	232	233	233	233	232	232	232	233	234	235	236	236	236	235	234	233	232	234	233	229	224
212	194	189	205	223	231	231	229	229	231	232	233	233	232	232	232	232	235	237	230	206	169	138	161	184	186	169	148	142	148	164	191	216	233	238	234	232	233	234	235	234	233	232	234	234	229	215	203	206	220	233	236	234	233	232	232	232	232	232	232	233	233	233	236	237	224	193	148	136	167	192	209	222	232	235	233	232	232	232	232	232	232	232	232	232	232	233	233	233	233	233	233	233	233	234	236	232	217	196	188	204	224	232	230	225	226	229	232	232	231	229	228	226	226	228	231	233	233	233	232	232	232	233	234	234	234	234	233	232	232	232	232	232	232	232	232	233	234	235	236	236	236	236	234	233	232	233	233	232	233
223	209	205	216	230	237	237	236	235	234	233	232	232	232	232	232	232	235	238	230	203	155	120	164	197	205	196	182	168	149	140	170	203	225	233	233	232	231	228	227	229	232	233	235	236	227	208	188	189	208	224	231	232	232	233	233	232	232	232	232	232	232	233	236	237	225	195	155	145	172	195	211	223	232	235	234	233	233	233	233	233	233	232	233	233	233	233	233	233	233	233	232	232	232	233	235	232	222	210	205	214	225	232	235	237	237	235	233	232	234	235	236	236	236	236	234	232	232	232	232	233	233	232	230	228	228	230	232	233	233	232	232	232	232	233	233	232	229	225	223	222	222	224	228	231	233	233	232	233	236
231	222	219	225	232	236	238	239	238	235	233	233	233	233	233	233	233	235	237	231	209	176	161	187	213	221	219	212	198	170	140	154	186	208	221	229	233	228	219	215	222	231	236	238	237	226	201	172	167	188	207	218	227	233	235	233	233	233	233	233	233	233	233	235	235	229	214	199	197	207	217	224	229	233	235	236	237	237	237	237	235	233	233	235	237	237	237	235	235	234	233	233	233	233	233	234	233	230	226	223	219	216	219	226	234	237	235	233	233	234	235	235	236	236	235	234	233	233	233	233	234	234	231	224	217	217	225	231	234	234	233	233	233	233	234	235	232	221	206	194	190	192	201	216	229	235	235	233	233	235
234	232	231	231	233	234	235	236	236	235	233	233	233	233	233	233	233	235	236	232	216	196	190	207	225	233	235	233	219	190	156	152	174	194	212	226	233	225	207	200	213	228	236	239	238	226	199	164	153	172	192	208	222	233	236	234	233	233	233	233	233	233	233	233	233	233	230	229	229	231	232	233	233	233	234	235	236	236	236	236	235	233	233	235	236	236	236	235	234	234	233	233	233	233	233	233	233	234	236	232	219	204	201	215	229	235	235	233	233	233	233	233	233	233	233	233	233	233	233	233	235	235	230	217	203	204	218	231	235	235	233	233	233	233	235	237	232	213	185	158	148	153	175	204	227	237	236	233	233	233
228	233	236	236	235	231	226	222	222	227	232	234	234	234	234	234	234	235	235	232	223	211	209	220	232	238	241	240	230	209	186	180	189	201	214	228	233	220	195	183	197	217	228	234	236	228	208	184	175	185	198	211	223	233	236	235	234	234	233	233	233	233	233	233	233	234	237	239	237	233	230	230	232	233	230	224	220	218	219	221	226	232	233	226	219	217	220	224	228	230	233	234	233	233	233	234	233	231	229	221	206	187	187	208	227	236	235	233	233	233	233	233	233	233	233	233	233	233	233	233	236	237	229	208	184	184	209	229	237	235	233	233	233	233	235	237	232	212	181	151	139	145	170	203	227	238	236	233	233	233
213	228	236	238	236	229	213	196	198	216	231	236	236	236	237	238	238	237	235	233	228	223	222	227	233	236	237	237	233	225	218	216	218	221	227	234	233	214	183	162	175	197	213	225	234	234	224	213	209	213	218	223	228	233	235	236	236	235	234	233	233	233	233	233	233	234	237	239	235	224	216	218	229	233	223	204	187	180	181	191	212	230	231	212	184	175	188	204	216	225	232	235	234	233	234	236	233	221	206	190	175	165	175	203	226	237	236	233	233	233	233	233	233	233	233	233	233	233	233	233	238	241	231	201	160	160	200	228	238	236	233	233	233	233	235	237	232	216	194	175	169	171	187	211	230	239	237	233	233	233
198	222	236	239	237	227	200	167	171	205	229	237	236	234	234	235	235	235	234	233	233	232	232	233	233	233	233	233	233	233	233	233	233	233	235	237	233	212	180	153	162	183	201	217	229	236	235	232	231	232	232	232	233	233	233	234	234	234	233	233	233	233	233	233	233	233	236	236	228	212	198	205	225	233	220	189	156	141	143	164	201	228	230	201	149	121	158	188	207	221	231	236	234	233	235	237	232	213	184	154	142	145	169	201	226	237	236	233	233	233	233	233	233	233	233	233	233	233	233	233	237	239	227	193	139	141	194	227	238	236	233	233	233	233	234	236	232	220	204	192	188	190	200	216	230	236	235	233	233	233
186	219	237	241	238	225	193	149	156	201	229	236	230	224	219	214	213	219	228	234	236	236	236	235	233	233	235	235	232	226	221	220	223	226	230	235	233	219	198	183	187	199	208	215	221	228	233	237	238	237	236	235	235	233	230	226	225	227	232	235	235	234	234	234	234	232	230	226	215	195	180	193	220	233	224	200	177	168	169	182	208	229	231	209	175	163	180	199	213	224	232	235	234	233	235	237	232	212	182	153	144	152	175	204	226	237	236	233	233	233	233	233	233	233	233	233	233	234	234	232	229	224	210	182	146	157	199	228	238	236	233	233	233	233	234	236	232	221	206	194	192	194	200	210	220	228	231	234	235	234
178	218	237	241	238	225	193	149	156	202	230	233	222	207	192	172	167	192	219	235	237	235	234	234	233	234	238	240	230	208	184	180	192	206	217	228	233	230	221	217	221	226	226	220	213	214	224	233	237	236	234	234	235	234	227	216	211	219	231	238	239	237	235	236	235	230	221	211	195	173	158	181	214	233	232	221	212	210	210	214	223	231	233	225	216	214	218	223	227	230	233	234	233	233	235	237	232	217	194	174	168	171	186	209	227	236	235	233	233	233	233	233	233	233	233	233	233	235	236	231	217	198	181	170	168	184	209	229	237	235	233	233	233	233	234	236	232	220	203	190	188	190	194	198	205	215	227	236	239	236
181	219	237	240	238	226	198	164	169	207	231	231	217	198	173	137	122	174	215	235	238	234	233	233	233	233	237	237	221	185	132	127	166	193	211	224	233	236	234	233	235	236	230	215	198	198	214	230	236	235	233	234	236	234	223	205	195	206	224	234	235	233	233	235	235	229	217	201	184	165	155	179	212	232	237	235	233	233	233	233	233	233	233	233	233	233	233	233	233	233	233	233	233	233	234	236	233	221	206	194	190	191	200	215	229	235	235	233	233	233	233	233	233	233	233	233	233	235	237	230	207	174	154	168	187	204	219	231	236	235	233	233	233	233	234	236	232	221	205	193	192	195	195	192	192	202	218	230	236	235
200	223	235	238	236	229	211	193	195	216	232	231	221	208	192	174	169	193	221	236	237	234	233	235	235	232	228	220	199	155	81	100	172	204	219	228	233	233	229	225	221	216	207	191	174	181	207	228	237	235	233	234	237	234	220	197	180	187	204	215	218	220	224	229	233	231	221	210	200	190	186	199	218	232	237	237	237	238	238	237	236	235	232	227	222	220	222	224	227	230	233	234	233	233	234	235	233	226	217	210	208	209	214	222	230	235	235	235	236	236	235	235	234	233	233	233	233	235	237	230	207	174	161	182	205	219	226	232	235	234	233	233	233	233	234	236	234	227	217	210	210	211	207	198	190	192	200	209	218	226
222	229	234	235	234	231	225	219	220	227	233	232	229	224	219	214	213	221	230	237	236	234	233	237	239	231	215	192	163	102	81	130	191	221	233	235	233	226	216	202	188	172	156	142	137	166	202	227	238	236	233	234	237	234	218	192	167	164	174	184	192	200	211	222	231	234	230	225	221	218	217	221	228	233	235	235	235	235	235	234	236	236	229	214	195	187	194	204	214	224	232	235	234	233	233	234	233	230	227	225	224	224	226	229	232	235	237	238	239	239	239	237	235	233	233	233	233	235	237	231	212	188	182	200	219	229	232	233	234	233	233	233	233	233	234	236	236	234	231	229	228	227	221	209	196	184	175	173	191	214
235	234	233	233	233	233	234	235	235	234	233	233	234	234	235	235	235	234	233	232	232	233	233	236	236	225	202	169	135	91	93	163	207	232	240	238	233	223	210	192	167	133	82	81	81	149	197	226	238	236	233	234	237	234	217	188	154	141	147	158	170	183	200	215	228	236	236	234	234	235	235	235	234	233	233	233	233	233	233	233	236	237	228	202	166	149	167	187	205	220	231	236	234	233	233	233	233	233	234	234	234	234	234	234	233	233	232	231	230	230	231	231	232	233	233	233	233	234	236	231	218	202	200	215	230	236	235	233	233	233	233	233	233	233	233	232	232	232	232	232	235	236	231	219	204	187	168	156	177	209
236	234	233	233	233	234	236	238	238	237	235	234	235	236	237	239	238	233	225	222	226	232	233	230	224	212	194	173	163	168	181	201	221	235	239	237	233	227	219	205	185	159	124	81	81	135	193	226	239	237	233	235	239	236	217	185	149	141	154	165	172	180	196	213	228	236	237	235	236	237	237	236	235	233	233	233	233	233	233	233	236	238	227	197	150	123	155	184	204	220	231	236	235	233	233	233	233	234	235	236	236	236	235	236	236	229	217	203	197	198	202	212	224	233	235	234	233	234	235	232	225	218	218	227	236	239	237	234	233	233	233	233	234	233	229	223	218	214	211	214	225	235	236	228	217	206	194	188	198	217
